service_id,monday,tuesday,wednesday,thursday,friday,saturday,sunday,start_date,end_date
19T0+37,1,1,1,1,1,0,0,20180101,20180731
19T0,1,1,1,1,1,0,0,20180101,20180731
19T0+48,1,1,1,1,0,0,0,20180101,20180731
19T0+50,0,0,0,0,1,0,0,20180101,20180731
19T2,0,0,0,0,0,1,0,20180101,20180731
19T0+85,1,1,1,1,1,0,0,20180101,20180731
19T0+04,1,1,1,1,0,0,0,20180101,20180731
19T0+84,1,1,1,1,1,0,0,20180101,20180731
19T0+38,1,1,1,1,1,0,0,20180101,20180731
19T0+14,1,1,1,1,0,0,0,20180101,20180731
19T0+37#1,1,1,1,1,1,0,0,20180101,20180731
19T0#1,1,1,1,1,1,0,0,20180101,20180731
19T0+38#1,1,1,1,1,1,0,0,20180101,20180731
19T0#2,1,1,1,1,1,0,0,20180103,20180507
19T0+37#2,1,1,1,1,1,0,0,20180103,20180507
19T0+38#2,1,1,1,1,1,0,0,20180103,20180507
19T0+18,1,1,1,1,0,0,0,20180101,20180731
19T0+56,0,0,0,0,1,0,0,20180101,20180731
19T4,0,0,0,0,0,1,1,20180101,20180731
19T3,0,0,0,0,0,0,1,20180101,20180731
19T0+86,0,0,0,0,1,0,0,20180101,20180731
19T0+03,1,1,1,1,1,0,0,20180101,20180731
19T0#3,0,1,1,1,1,0,0,20180101,20180107
19T0#4,1,1,1,1,1,0,0,20180108,20180731
19T2+58,0,0,0,0,0,1,0,20180101,20180731
19T0+59,0,0,0,0,1,0,0,20180101,20180731
19T0+62,1,1,1,1,1,0,0,20180101,20180731
19T0+05,1,1,1,1,1,0,0,20180101,20180731
19T0+17,0,1,1,0,1,0,0,20180101,20180731
19T0+38#3,0,1,1,1,1,0,0,20180101,20180107
19T0+37#3,1,1,1,1,1,0,0,20180108,20180731
19T0+38#4,1,1,1,1,1,0,0,20180108,20180731
19T2#1,0,0,0,0,0,1,0,20180108,20180731
19T3#1,1,0,0,0,0,1,1,20180101,20180107
19T0+84#1,0,1,1,1,1,0,0,20180101,20180107
19T3#2,0,0,0,0,0,0,1,20180108,20180731
19T2+82,0,0,0,0,0,1,0,20180108,20180731
19T0+85#1,1,1,1,1,1,0,0,20180108,20180731
19T0+84#2,1,1,1,1,1,0,0,20180108,20180731
19T8,1,1,1,1,1,0,0,20180101,20180731
19T9,1,1,1,1,1,0,0,20180101,20180731
19T1,1,1,1,1,1,1,0,20180101,20180731
19T0+13,1,1,1,0,0,0,0,20180101,20180731
19T0+55,0,0,0,1,1,0,0,20180101,20180731
19T3+99,0,0,0,0,0,0,1,20180101,20180731
"19T0+14,37",1,1,1,1,0,0,0,20180101,20180731
19T8+14,1,1,1,1,0,0,0,20180101,20180731
19T2#2,0,0,0,0,0,1,0,20180101,20180731
19T0#5,1,1,1,1,1,0,0,20180101,20180731
19T2#3,0,0,0,0,0,1,0,20180108,20180531
19T0#6,1,1,1,1,1,0,0,20180108,20180531
19T6,0,0,0,0,1,0,0,20180101,20180731
19T5,1,1,1,1,0,0,0,20180101,20180731
19T0+vr,1,1,1,1,1,0,0,20180101,20180731
19T4+82,0,0,0,0,0,1,1,20180101,20180731
19T0#7,1,1,1,1,1,0,0,20180101,20180218
19T2#4,0,0,0,0,0,1,0,20180101,20180218
19T3#3,1,0,0,0,0,1,1,20180101,20180218
19T0#8,1,1,1,1,1,0,0,20180219,20180731
19T2#5,0,0,0,0,0,1,0,20180219,20180731
19T3#4,0,0,0,0,0,0,1,20180219,20180731
19T0+05#1,1,1,1,1,1,0,0,20180219,20180731
19T0+03#1,1,1,1,1,1,0,0,20180219,20180731
19T0+lo,0,1,1,0,0,0,0,20180101,20180731
19T0+07,0,0,0,0,1,0,0,20180101,20180731
19T0+06,0,0,0,0,1,0,0,20180101,20180731
19T0+98,0,0,0,0,1,0,0,20180101,20180731
19T0+36,1,1,1,1,1,0,0,20180101,20180731
19T0+09,0,0,0,0,1,0,0,20180101,20180731
19T0+03#2,1,1,1,1,1,0,0,20180101,20180121
19T0#9,1,1,1,1,1,0,0,20180101,20180121
19T0+05#2,0,1,1,1,1,0,0,20180101,20180121
19T0+03#3,1,1,1,1,1,0,0,20180122,20180731
19T0#10,1,1,1,1,1,0,0,20180122,20180731
19T0+05#3,1,1,1,1,1,0,0,20180122,20180731
19T0#11,1,1,1,1,1,0,0,20180101,20180408
19T2#6,0,0,0,0,0,1,0,20180101,20180408
19T3#5,1,0,0,0,1,1,1,20180101,20180408
19T0+03#4,1,1,1,1,1,0,0,20180101,20180408
19T0+06#1,0,0,0,0,1,0,0,20180101,20180408
19T0+65,1,1,1,1,0,0,0,20180101,20180408
19T0+08,1,1,1,1,1,0,0,20180101,20180408
19T0+18#1,1,1,1,1,0,0,0,20180101,20180408
19T0+03#5,1,1,1,1,1,0,0,20180108,20180731
19T0+40,0,0,0,1,0,0,0,20180101,20180731
19T0#12,1,1,1,1,1,0,0,20180101,20180731
19T3#6,0,0,0,0,0,0,1,20180101,20180731
19T2#7,0,0,0,0,0,1,0,20180101,20180731
19T0+62#1,1,1,1,1,1,0,0,20180101,20180121
19T0+38#5,0,1,1,1,1,0,0,20180101,20180121
19T0+37#4,1,1,1,1,1,0,0,20180101,20180121
19T2+ed,0,0,0,0,0,1,0,20180101,20180121
19T0+37#5,1,1,1,1,1,0,0,20180122,20180731
19T0+62#2,1,1,1,1,1,0,0,20180122,20180731
19T0+38#6,1,1,1,1,1,0,0,20180122,20180731
19T2+ed#1,0,0,0,0,0,1,0,20180122,20180731
19TA+fs,0,0,0,0,1,1,0,20180101,20180731
19T0+b3,0,0,0,0,1,0,0,20180101,20180731
19T4#1,1,0,0,0,0,1,1,20180101,20180107
19T4#2,0,0,0,0,0,1,1,20180108,20180731
19T0+56#1,0,0,0,0,1,0,0,20180101,20180131
19T0+37#6,1,1,1,1,1,0,0,20180101,20180131
19T0#13,1,1,1,1,1,0,0,20180101,20180131
19T0+38#7,0,1,1,1,1,0,0,20180101,20180131
19T0+37#7,1,1,1,1,1,0,0,20180201,20180731
19T0#14,1,1,1,1,1,0,0,20180201,20180731
19T0+38#8,1,1,1,1,1,0,0,20180201,20180731
19T0+56#2,0,0,0,0,1,0,0,20180201,20180731
19T0+05#4,0,1,1,1,1,0,0,20180101,20180107
19T0+n1,1,1,1,1,1,0,0,20180108,20180731
19T0+05#5,1,1,1,1,1,0,0,20180108,20180731
19T2+61,0,0,0,0,0,1,0,20180101,20180731
19T2#8,0,0,0,0,0,1,0,20180101,20180121
19T2+61#1,0,0,0,0,0,1,0,20180101,20180121
19T2#9,0,0,0,0,0,1,0,20180122,20180731
19T2+61#2,0,0,0,0,0,1,0,20180122,20180731
19T0#15,1,1,1,1,1,0,0,20180101,20180731
19T0+38#9,1,1,1,1,1,0,0,20180101,20180731
19T0+37#8,1,1,1,1,1,0,0,20180101,20180731
19T0+37#9,1,1,1,1,1,0,0,20180101,20180731
19T0+38#10,1,1,1,1,1,0,0,20180101,20180731
19T0#16,1,1,1,1,1,0,0,20180101,20180731
19T2#10,0,0,0,0,0,1,0,20180101,20180731
19T3#7,0,0,0,0,0,0,1,20180101,20180731
19T0+38#11,0,1,1,1,1,0,0,20180102,20180105
19T0#17,0,1,1,1,1,0,0,20180102,20180105
18T1,1,1,1,1,1,1,0,20180101,20180731
18T3,0,0,0,0,0,0,1,20180101,20180731
18T0,1,1,1,1,1,0,0,20180101,20180731
18T2,0,0,0,0,0,1,0,20180101,20180731
18T2+60,0,0,0,0,0,1,0,20180101,20180731
18T6,0,0,0,0,1,0,0,20180101,20180731
18T0+50,0,0,0,0,1,0,0,20180101,20180731
18T4,0,0,0,0,0,1,1,20180101,20180731
11TA,1,1,1,1,1,1,1,20180101,20180731
11T0,1,1,1,1,1,0,0,20180101,20180731
11T2,0,0,0,0,0,1,0,20180101,20180731
11T0+37,1,1,1,1,1,0,0,20180101,20180731
15T0,1,1,1,1,1,0,0,20180101,20180731
15T2,0,0,0,0,0,1,0,20180101,20180731
15TA,0,1,0,0,0,0,0,20180220,20180220
15TA#1,1,1,1,1,1,1,1,20180101,20180731
20T8,1,1,1,1,1,0,0,20180101,20180731
20T9,1,1,1,1,1,0,0,20180101,20180731
20T2,0,0,0,0,0,1,0,20180101,20180731
20T3,0,0,0,0,0,0,1,20180101,20180731
20T0,1,1,1,1,1,0,0,20180101,20180731
20T0+37,1,1,1,1,1,0,0,20180101,20180731
33T0+37,1,1,1,1,1,0,0,20180101,20180731
33T0+38,1,1,1,1,1,0,0,20180101,20180731
33T0,1,1,1,1,1,0,0,20180101,20180731
33T2,0,0,0,0,0,1,0,20180101,20180731
40T0,1,1,1,1,1,0,0,20180101,20180731
40T0+37,1,1,1,1,1,0,0,20180101,20180731
40T0+48,1,1,1,1,0,0,0,20180101,20180731
40T2,0,0,0,0,0,1,0,20180101,20180731
40T3,0,0,0,0,0,0,1,20180101,20180731
40T0+59,0,0,0,0,1,0,0,20180101,20180731
40T0+38,1,1,1,1,1,0,0,20180101,20180731
57T0+37,1,1,1,1,1,0,0,20180101,20180731
57T0+48,1,1,1,1,0,0,0,20180101,20180731
57T0,1,1,1,1,1,0,0,20180101,20180731
57T0+14,1,1,1,1,0,0,0,20180101,20180731
57T0+38,1,1,1,1,1,0,0,20180101,20180731
65T0,1,1,1,1,1,0,0,20180101,20180731
65T2,0,0,0,0,0,1,0,20180101,20180731
65T3,0,0,0,0,0,0,1,20180101,20180731
74T0,1,1,1,1,1,0,0,20180101,20180731
74T2,0,0,0,0,0,1,0,20180101,20180731
